Epoch 10000: matrix = [[ 2.98862617e-01  1.55308883e-03 -1.48394120e-01]
 [ 1.55308883e-03  2.99525035e-01 -1.48899588e-01]
 [-1.48394120e-01 -1.48899588e-01  1.11710830e+01]]
Epoch 20000: matrix = [[3.11163216e-01 1.74174177e-03 1.41370879e-01]
 [1.74174177e-03 3.11741381e-01 1.41008314e-01]
 [1.41370879e-01 1.41008314e-01 1.03090179e+01]]
Epoch 30000: matrix = [[ 3.09749527e-01 -1.75978732e-03  1.47011078e-01]
 [-1.75978732e-03  3.10213999e-01 -1.31438465e-01]
 [ 1.47011078e-01 -1.31438465e-01  1.04070575e+01]]
Epoch 40000: matrix = [[ 2.81241885e-01 -1.82373074e-03 -1.31131092e-01]
 [-1.82373074e-03  2.80530863e-01  1.34973234e-01]
 [-1.31131092e-01  1.34973234e-01  1.26747485e+01]]
Epoch 50000: matrix = [[ 2.88929296e-01 -2.04727755e-03 -1.33496608e-01]
 [-2.04727755e-03  2.88800841e-01  1.29883451e-01]
 [-1.33496608e-01  1.29883451e-01  1.19842253e+01]]
Epoch 60000: matrix = [[ 2.67121829e-01 -1.05763867e-03 -1.04459395e-01]
 [-1.05763867e-03  2.66365851e-01  1.20770460e-01]
 [-1.04459395e-01  1.20770460e-01  1.40543924e+01]]
Epoch 70000: matrix = [[ 2.75794187e-01  2.44999696e-03 -1.27697783e-01]
 [ 2.44999696e-03  2.75167133e-01 -1.30791000e-01]
 [-1.27697783e-01 -1.30791000e-01  1.31770542e+01]]
Epoch 80000: matrix = [[ 2.70692624e-01  1.73380906e-03 -1.26919180e-01]
 [ 1.73380906e-03  2.70053579e-01 -1.25619904e-01]
 [-1.26919180e-01 -1.25619904e-01  1.36796076e+01]]
Epoch 90000: matrix = [[ 2.55261803e-01 -1.70799340e-03 -7.17092832e-02]
 [-1.70799340e-03  2.54689986e-01  8.46950302e-02]
 [-7.17092832e-02  8.46950302e-02  1.53816278e+01]]
Epoch 100000: matrix = [[ 2.57066914e-01  8.59984842e-04 -1.03005462e-01]
 [ 8.59984842e-04  2.57442533e-01 -1.09506015e-01]
 [-1.03005462e-01 -1.09506015e-01  1.51103150e+01]]
Epoch 110000: matrix = [[ 2.63545924e-01 -3.06176379e-04  1.21370619e-01]
 [-3.06176379e-04  2.63788472e-01 -1.26051922e-01]
 [ 1.21370619e-01 -1.26051922e-01  1.43842719e+01]]
Epoch 120000: matrix = [[ 2.52813334e-01 -5.48530953e-04  1.19885392e-01]
 [-5.48530953e-04  2.52575968e-01  9.11308408e-02]
 [ 1.19885392e-01  9.11308408e-02  1.56605856e+01]]
Epoch 130000: matrix = [[ 2.47152796e-01  5.52943063e-04 -1.09314117e-01]
 [ 5.52943063e-04  2.47250721e-01 -1.06741236e-01]
 [-1.09314117e-01 -1.06741236e-01  1.63642801e+01]]
Epoch 140000: matrix = [[2.36821717e-01 1.13678221e-03 1.05277762e-01]
 [1.13678221e-03 2.36078683e-01 1.06458533e-01]
 [1.05277762e-01 1.06458533e-01 1.78863490e+01]]
Epoch 150000: matrix = [[ 2.32334654e-01 -1.52430334e-03 -9.87940037e-02]
 [-1.52430334e-03  2.31984963e-01  1.05942950e-01]
 [-9.87940037e-02  1.05942950e-01  1.85535138e+01]]
Epoch 160000: matrix = [[ 2.27365868e-01 -8.96250213e-04 -8.35604599e-02]
 [-8.96250213e-04  2.27411553e-01  7.32438686e-02]
 [-8.35604599e-02  7.32438686e-02  1.93402554e+01]]
Epoch 170000: matrix = [[2.36358996e-01 1.64508756e-06 1.04749933e-01]
 [1.64508756e-06 2.35868516e-01 9.75442360e-02]
 [1.04749933e-01 9.75442360e-02 1.79373337e+01]]
Epoch 180000: matrix = [[ 2.22494098e-01  3.68070664e-04 -1.05282338e-01]
 [ 3.68070664e-04  2.22980978e-01 -1.03926899e-01]
 [-1.05282338e-01 -1.03926899e-01  2.01564335e+01]]
Epoch 190000: matrix = [[ 2.05278753e-01  3.36179957e-05 -4.34415015e-02]
 [ 3.36179957e-05  2.04734831e-01  3.75459254e-02]
 [-4.34415015e-02  3.75459254e-02  2.37938251e+01]]
Epoch 200000: matrix = [[ 2.23012441e-01 -5.04901996e-04 -1.02606041e-01]
 [-5.04901996e-04  2.23575682e-01  1.02843247e-01]
 [-1.02606041e-01  1.02843247e-01  2.00560934e+01]]
Epoch 210000: matrix = [[ 2.09939767e-01  3.84139389e-04 -5.40976484e-02]
 [ 3.84139389e-04  2.09956987e-01 -5.00571085e-02]
 [-5.40976484e-02 -5.00571085e-02  2.26868897e+01]]
Epoch 220000: matrix = [[ 2.08124002e-01  3.55300482e-04 -1.02286326e-01]
 [ 3.55300482e-04  2.07551079e-01 -1.01022414e-01]
 [-1.02286326e-01 -1.01022414e-01  2.31500982e+01]]
Epoch 230000: matrix = [[2.13103052e-01 5.66041559e-04 9.24232647e-02]
 [5.66041559e-04 2.13085081e-01 9.47944865e-02]
 [9.24232647e-02 9.47944865e-02 2.20220268e+01]]
Epoch 240000: matrix = [[ 1.97504297e-01 -6.72556130e-04  8.91810750e-02]
 [-6.72556130e-04  1.97380843e-01 -8.97452533e-02]
 [ 8.91810750e-02 -8.97452533e-02  2.56518358e+01]]
Epoch 250000: matrix = [[ 2.04137674e-01 -1.55218598e-04  6.29302933e-02]
 [-1.55218598e-04  2.03564152e-01 -6.41288985e-02]
 [ 6.29302933e-02 -6.41288985e-02  2.40644277e+01]]
Epoch 260000: matrix = [[ 1.90123556e-01 -6.25347961e-04  8.91618856e-02]
 [-6.25347961e-04  1.90613795e-01 -8.04913873e-02]
 [ 8.91618856e-02 -8.04913873e-02  2.75936876e+01]]
Epoch 270000: matrix = [[ 1.87841297e-01  3.11233810e-04 -7.32039101e-02]
 [ 3.11233810e-04  1.87365854e-01 -7.66952871e-02]
 [-7.32039101e-02 -7.66952871e-02  2.84130906e+01]]
Epoch 280000: matrix = [[ 1.86979106e-01 -1.21975214e-04  8.58617411e-02]
 [-1.21975214e-04  1.87199142e-01 -9.04621342e-02]
 [ 8.58617411e-02 -9.04621342e-02  2.85695282e+01]]
Epoch 290000: matrix = [[1.82641828e-01 3.26629378e-04 7.93265390e-02]
 [3.26629378e-04 1.82623511e-01 7.92973583e-02]
 [7.93265390e-02 7.92973583e-02 2.99807896e+01]]
Epoch 300000: matrix = [[ 1.81481609e-01  3.46228303e-05 -8.67669066e-02]
 [ 3.46228303e-05  1.81373401e-01 -8.33884088e-02]
 [-8.67669066e-02 -8.33884088e-02  3.03804207e+01]]
Epoch 310000: matrix = [[ 1.72623269e-01 -5.63755144e-05 -8.36599192e-02]
 [-5.63755144e-05  1.72514000e-01 -8.00812616e-02]
 [-8.36599192e-02 -8.00812616e-02  3.35796619e+01]]
Epoch 320000: matrix = [[ 1.67374344e-01 -2.09759370e-04  6.45486060e-02]
 [-2.09759370e-04  1.67362231e-01 -6.60332971e-02]
 [ 6.45486060e-02 -6.60332971e-02  3.56988030e+01]]
Epoch 330000: matrix = [[ 1.72763316e-01 -2.77568585e-04  5.43808674e-02]
 [-2.77568585e-04  1.72683557e-01 -5.40267672e-02]
 [ 5.43808674e-02 -5.40267672e-02  3.35194962e+01]]
Epoch 340000: matrix = [[ 1.69535591e-01  2.81048744e-04 -8.44380173e-02]
 [ 2.81048744e-04  1.69648774e-01  8.34135868e-02]
 [-8.44380173e-02  8.34135868e-02  3.47686951e+01]]
Epoch 350000: matrix = [[ 1.72839012e-01 -1.05915121e-04  7.98245988e-02]
 [-1.05915121e-04  1.72902390e-01 -8.05315069e-02]
 [ 7.98245988e-02 -8.05315069e-02  3.34624109e+01]]
Epoch 360000: matrix = [[ 1.62186629e-01 -7.33592127e-05  7.34011644e-02]
 [-7.33592127e-05  1.62285774e-01 -8.04422212e-02]
 [ 7.34011644e-02 -8.04422212e-02  3.79930798e+01]]
Epoch 370000: matrix = [[ 1.68179774e-01 -1.22446897e-05 -5.83215786e-02]
 [-1.22446897e-05  1.68244575e-01 -6.04362137e-02]
 [-5.83215786e-02 -6.04362137e-02  3.53415152e+01]]
Epoch 380000: matrix = [[ 1.54894760e-01 -9.83562658e-05  7.52053291e-02]
 [-9.83562658e-05  1.54717535e-01 -7.56241385e-02]
 [ 7.52053291e-02 -7.56241385e-02  4.17276317e+01]]
Epoch 390000: matrix = [[ 1.59233099e-01 -5.80111286e-05  6.98000969e-02]
 [-5.80111286e-05  1.59129740e-01 -6.77733959e-02]
 [ 6.98000969e-02 -6.77733959e-02  3.94652900e+01]]
Epoch 400000: matrix = [[ 1.54875147e-01 -1.04601379e-04 -6.88570924e-02]
 [-1.04601379e-04  1.54908131e-01  7.07417198e-02]
 [-6.88570924e-02  7.07417198e-02  4.16815686e+01]]
Epoch 410000: matrix = [[ 1.45373999e-01 -1.18911438e-04  7.11563075e-02]
 [-1.18911438e-04  1.45539533e-01 -7.15695640e-02]
 [ 7.11563075e-02 -7.15695640e-02  4.72641973e+01]]
Epoch 420000: matrix = [[1.42912174e-01 1.70709424e-04 6.79137810e-02]
 [1.70709424e-04 1.42975378e-01 6.73341051e-02]
 [6.79137810e-02 6.73341051e-02 4.89406260e+01]]
Epoch 430000: matrix = [[ 1.44073690e-01 -1.14358143e-04 -6.48906460e-02]
 [-1.14358143e-04  1.44058205e-01  6.63932759e-02]
 [-6.48906460e-02  6.63932759e-02  4.81811677e+01]]
Epoch 440000: matrix = [[ 1.41117134e-01  1.20691301e-04 -6.31436651e-02]
 [ 1.20691301e-04  1.41188537e-01 -6.16586854e-02]
 [-6.31436651e-02 -6.16586854e-02  5.01904182e+01]]
Epoch 450000: matrix = [[ 1.39674232e-01 -1.27588423e-04 -6.82727500e-02]
 [-1.27588423e-04  1.39667310e-01 -6.96664065e-02]
 [-6.82727500e-02 -6.96664065e-02  5.12612203e+01]]
Epoch 460000: matrix = [[ 1.37640239e-01 -6.34862802e-05 -6.84317976e-02]
 [-6.34862802e-05  1.37564574e-01 -6.80525896e-02]
 [-6.84317976e-02 -6.80525896e-02  5.28138678e+01]]
Epoch 470000: matrix = [[1.42594611e-01 2.35654604e-05 4.30000586e-02]
 [2.35654604e-05 1.42594295e-01 4.10232248e-02]
 [4.30000586e-02 4.10232248e-02 4.91807034e+01]]
Epoch 480000: matrix = [[ 1.30284504e-01 -6.38150589e-05 -5.92192520e-02]
 [-6.38150589e-05  1.30209239e-01  5.99090791e-02]
 [-5.92192520e-02  5.99090791e-02  5.89475061e+01]]
Epoch 490000: matrix = [[ 1.22842715e-01 -3.30802649e-05  5.18801870e-02]
 [-3.30802649e-05  1.22870447e-01 -4.99363658e-02]
 [ 5.18801870e-02 -4.99363658e-02  6.62526350e+01]]
Epoch 500000: matrix = [[1.24326673e-01 5.21338475e-05 5.78045824e-02]
 [5.21338475e-05 1.24397162e-01 5.74596341e-02]
 [5.78045824e-02 5.74596341e-02 6.46584393e+01]]
Epoch 510000: matrix = [[ 1.24065876e-01  5.91422134e-05 -5.81139654e-02]
 [ 5.91422134e-05  1.24017641e-01 -5.74455547e-02]
 [-5.81139654e-02 -5.74455547e-02  6.49926411e+01]]
Epoch 520000: matrix = [[ 1.25520594e-01 -5.65333145e-05 -5.68434800e-02]
 [-5.65333145e-05  1.25559562e-01  5.85930557e-02]
 [-5.68434800e-02  5.85930557e-02  6.34505255e+01]]
Epoch 530000: matrix = [[ 1.20191826e-01 -9.30916855e-05  5.41778583e-02]
 [-9.30916855e-05  1.20173168e-01 -5.46614055e-02]
 [ 5.41778583e-02 -5.46614055e-02  6.92337024e+01]]
Epoch 540000: matrix = [[ 1.15217997e-01 -4.56701156e-05 -5.65174741e-02]
 [-4.56701156e-05  1.15161569e-01  5.60952769e-02]
 [-5.65174741e-02  5.60952769e-02  7.53654165e+01]]
Epoch 550000: matrix = [[ 1.14859647e-01 -6.50790106e-05  5.41173245e-02]
 [-6.50790106e-05  1.14758596e-01 -5.48475015e-02]
 [ 5.41173245e-02 -5.48475015e-02  7.58660188e+01]]
Epoch 560000: matrix = [[ 1.14998999e-01 -9.86646711e-06 -3.69288162e-02]
 [-9.86646711e-06  1.14976688e-01 -3.49143434e-02]
 [-3.69288162e-02 -3.49143434e-02  7.56303563e+01]]
Epoch 570000: matrix = [[ 1.13921653e-01 -2.56003819e-05 -4.80312084e-02]
 [-2.56003819e-05  1.13911600e-01  4.69982175e-02]
 [-4.80312084e-02  4.69982175e-02  7.70594257e+01]]
Epoch 580000: matrix = [[ 1.14288784e-01 -5.29674541e-05 -4.97837541e-02]
 [-5.29674541e-05  1.14350536e-01  5.05520265e-02]
 [-4.97837541e-02  5.05520265e-02  7.65170440e+01]]
Epoch 590000: matrix = [[1.07416342e-01 3.60973143e-05 5.05492747e-02]
 [3.60973143e-05 1.07385330e-01 5.24237348e-02]
 [5.05492747e-02 5.24237348e-02 8.66931305e+01]]
Epoch 600000: matrix = [[1.04649607e-01 1.93303374e-05 4.59987471e-02]
 [1.93303374e-05 1.04686361e-01 4.58969009e-02]
 [4.59987471e-02 4.58969009e-02 9.12792981e+01]]
Epoch 610000: matrix = [[ 1.01203994e-01 -4.62241098e-06  4.39777137e-02]
 [-4.62241098e-06  1.01216410e-01 -4.33446941e-02]
 [ 4.39777137e-02 -4.33446941e-02  9.76228355e+01]]
Epoch 620000: matrix = [[1.02674510e-01 2.37149168e-05 3.54689455e-02]
 [2.37149168e-05 1.02703718e-01 3.62281829e-02]
 [3.54689455e-02 3.62281829e-02 9.48311891e+01]]
Epoch 630000: matrix = [[ 1.02671544e-01 -2.02137848e-05  4.21469170e-02]
 [-2.02137848e-05  1.02682199e-01 -4.16702488e-02]
 [ 4.21469170e-02 -4.16702488e-02  9.48538024e+01]]
Epoch 640000: matrix = [[ 9.95761826e-02  3.28242897e-05 -4.86543520e-02]
 [ 3.28242897e-05  9.95849472e-02 -4.65792772e-02]
 [-4.86543520e-02 -4.65792772e-02  1.00844178e+02]]
Epoch 650000: matrix = [[ 9.94176315e-02 -1.67507503e-06 -3.56887920e-02]
 [-1.67507503e-06  9.94153225e-02  3.92914824e-02]
 [-3.56887920e-02  3.92914824e-02  1.01177341e+02]]
Epoch 660000: matrix = [[ 9.52965865e-02 -1.19052076e-05  4.00580084e-02]
 [-1.19052076e-05  9.53238185e-02 -3.99924121e-02]
 [ 4.00580084e-02 -3.99924121e-02  1.10083245e+02]]
Epoch 670000: matrix = [[ 9.29082821e-02 -1.28673417e-05  4.47644263e-02]
 [-1.28673417e-05  9.29191934e-02 -4.46816569e-02]
 [ 4.47644263e-02 -4.46816569e-02  1.15835090e+02]]
Epoch 680000: matrix = [[ 9.20329822e-02 -1.85377299e-05  3.88849282e-02]
 [-1.85377299e-05  9.20476913e-02 -3.84762544e-02]
 [ 3.88849282e-02 -3.84762544e-02  1.18043915e+02]]
Epoch 690000: matrix = [[ 8.67514781e-02 -1.88959171e-05  3.37663489e-02]
 [-1.88959171e-05  8.67548639e-02 -3.42024413e-02]
 [ 3.37663489e-02 -3.42024413e-02  1.32870719e+02]]
Epoch 700000: matrix = [[9.19421755e-02 1.28697747e-06 3.38853390e-02]
 [1.28697747e-06 9.19420057e-02 3.33876324e-02]
 [3.38853390e-02 3.33876324e-02 1.18296324e+02]]
Epoch 710000: matrix = [[ 8.97258185e-02 -8.26127667e-06  4.26707827e-02]
 [-8.26127667e-06  8.97199516e-02 -4.16018605e-02]
 [ 4.26707827e-02 -4.16018605e-02  1.24220576e+02]]
Epoch 720000: matrix = [[ 8.85416714e-02 -7.97049430e-06 -4.11794585e-02]
 [-7.97049430e-06  8.85450263e-02  4.13101802e-02]
 [-4.11794585e-02  4.13101802e-02  1.27552247e+02]]
Epoch 730000: matrix = [[ 8.04335403e-02  1.70157527e-05 -3.38775451e-02]
 [ 1.70157527e-05  8.04289834e-02 -3.35564731e-02]
 [-3.38775451e-02 -3.35564731e-02  1.54578908e+02]]
Epoch 740000: matrix = [[8.26847908e-02 1.53272262e-05 3.78193486e-02]
 [1.53272262e-05 8.26681226e-02 3.80595288e-02]
 [3.78193486e-02 3.80595288e-02 1.46297294e+02]]
Epoch 750000: matrix = [[ 8.34781396e-02 -5.09117213e-06 -3.83658118e-02]
 [-5.09117213e-06  8.34916133e-02  3.75119244e-02]
 [-3.83658118e-02  3.75119244e-02  1.43477693e+02]]
Epoch 760000: matrix = [[ 8.37311261e-02 -1.13502659e-05 -2.99421833e-02]
 [-1.13502659e-05  8.37285872e-02  2.90299506e-02]
 [-2.99421833e-02  2.90299506e-02  1.42639335e+02]]
Epoch 770000: matrix = [[8.13847668e-02 1.33646689e-05 3.85981688e-02]
 [1.33646689e-05 8.13891036e-02 3.75917404e-02]
 [3.85981688e-02 3.75917404e-02 1.50969985e+02]]
Epoch 780000: matrix = [[ 7.69908126e-02 -4.67786443e-06  3.64017413e-02]
 [-4.67786443e-06  7.69986933e-02 -3.65102817e-02]
 [ 3.64017413e-02 -3.65102817e-02  1.68685496e+02]]
Epoch 790000: matrix = [[ 7.76362406e-02 -1.49452418e-05  3.80886031e-02]
 [-1.49452418e-05  7.76247808e-02 -3.77125906e-02]
 [ 3.80886031e-02 -3.77125906e-02  1.65933898e+02]]
Epoch 800000: matrix = [[ 7.78155424e-02  4.36254123e-06 -1.50481042e-02]
 [ 4.36254123e-06  7.78340696e-02 -1.44929916e-02]
 [-1.50481042e-02 -1.44929916e-02  1.65106402e+02]]
Epoch 810000: matrix = [[ 7.32232818e-02 -1.41356702e-06  2.93762658e-02]
 [-1.41356702e-06  7.32261514e-02 -2.93409325e-02]
 [ 2.93762658e-02 -2.93409325e-02  1.86502476e+02]]
Epoch 820000: matrix = [[ 7.20288306e-02  6.58678023e-06 -3.56744202e-02]
 [ 6.58678023e-06  7.20386278e-02 -3.56910304e-02]
 [-3.56744202e-02 -3.56910304e-02  1.92720629e+02]]
Epoch 830000: matrix = [[8.07719453e-02 8.11421593e-06 2.67180188e-02]
 [8.11421593e-06 8.07716867e-02 2.66582940e-02]
 [2.67180188e-02 2.66582940e-02 1.53278170e+02]]
Epoch 840000: matrix = [[ 7.38636037e-02 -6.71076413e-06 -2.59481698e-02]
 [-6.71076413e-06  7.38587058e-02  2.59587618e-02]
 [-2.59481698e-02  2.59587618e-02  1.83302258e+02]]
Epoch 850000: matrix = [[ 7.63019863e-02 -5.10561164e-06  2.73295988e-02]
 [-5.10561164e-06  7.62922222e-02 -2.73420334e-02]
 [ 2.73295988e-02 -2.73420334e-02  1.71784467e+02]]
Epoch 860000: matrix = [[7.60441457e-02 1.45878090e-06 1.94596138e-02]
 [1.45878090e-06 7.60421003e-02 1.95185471e-02]
 [1.94596138e-02 1.95185471e-02 1.72933890e+02]]
Epoch 870000: matrix = [[ 6.89543584e-02 -4.19567899e-06 -2.08365783e-02]
 [-4.19567899e-06  6.89429842e-02  2.04914048e-02]
 [-2.08365783e-02  2.04914048e-02  2.10352753e+02]]
Epoch 880000: matrix = [[ 6.69625036e-02 -5.41075473e-06  2.86143390e-02]
 [-5.41075473e-06  6.69561588e-02 -2.82504348e-02]
 [ 2.86143390e-02 -2.82504348e-02  2.23037448e+02]]
Epoch 890000: matrix = [[ 6.45839097e-02 -4.59286922e-06 -3.00535205e-02]
 [-4.59286922e-06  6.45857701e-02  2.96249346e-02]
 [-3.00535205e-02  2.96249346e-02  2.39739075e+02]]
Epoch 900000: matrix = [[ 6.34907504e-02 -7.01785257e-06  2.89067101e-02]
 [-7.01785257e-06  6.34890828e-02 -2.88070257e-02]
 [ 2.89067101e-02 -2.88070257e-02  2.48079277e+02]]
Epoch 910000: matrix = [[ 6.28598850e-02 -2.20610338e-06  2.45929574e-02]
 [-2.20610338e-06  6.28615145e-02 -2.40701929e-02]
 [ 2.45929574e-02 -2.40701929e-02  2.53070532e+02]]
Epoch 920000: matrix = [[ 6.28476514e-02  3.60639866e-06 -2.67328452e-02]
 [ 3.60639866e-06  6.28506969e-02 -2.69893386e-02]
 [-2.67328452e-02 -2.69893386e-02  2.53163359e+02]]
Epoch 930000: matrix = [[5.68636379e-02 4.39676568e-06 2.56650684e-02]
 [4.39676568e-06 5.68613650e-02 2.61493069e-02]
 [2.56650684e-02 2.61493069e-02 3.09277324e+02]]
Epoch 940000: matrix = [[ 7.09669613e-02  7.30639910e-07  1.63642183e-02]
 [ 7.30639910e-07  7.09718092e-02 -1.63758095e-02]
 [ 1.63642183e-02 -1.63758095e-02  1.98544524e+02]]
Epoch 950000: matrix = [[ 6.76849869e-02  1.86380586e-08  1.80883284e-02]
 [ 1.86380586e-08  6.76891110e-02 -1.81218324e-02]
 [ 1.80883284e-02 -1.81218324e-02  2.18267383e+02]]
Epoch 960000: matrix = [[ 5.57322869e-02 -2.13636650e-06 -2.44398986e-02]
 [-2.13636650e-06  5.57313955e-02  2.41856581e-02]
 [-2.44398986e-02  2.41856581e-02  3.21953550e+02]]
Epoch 970000: matrix = [[ 5.73114874e-02  2.34454881e-06 -2.47157897e-02]
 [ 2.34454881e-06  5.73096605e-02 -2.48348536e-02]
 [-2.47157897e-02 -2.48348536e-02  3.04460169e+02]]
Epoch 980000: matrix = [[ 5.22323886e-02  2.73738356e-06 -2.19455280e-02]
 [ 2.73738356e-06  5.22327893e-02 -2.20620076e-02]
 [-2.19455280e-02 -2.20620076e-02  3.66536219e+02]]
Epoch 990000: matrix = [[ 5.21744235e-02 -9.05990356e-07 -2.14371314e-02]
 [-9.05990356e-07  5.21735514e-02  2.12848392e-02]
 [-2.14371314e-02  2.12848392e-02  3.67360064e+02]]
Epoch 1000000: matrix = [[ 6.18593981e-02  1.72909816e-07 -1.70369622e-02]
 [ 1.72909816e-07  6.18570246e-02 -1.68179984e-02]
 [-1.70369622e-02 -1.68179984e-02  2.61339638e+02]]
